Sequence : ALARAVSNE
{275}
Sequence : RSLMFMQWGQLLDH
{275}
Sequence : YRDYLPL
{275}
Sequence : FRYGH
{275}
Sequence : NPRVPLSRVFFASWRVVLEGGIDP
{275}
Sequence : MATPAKLNRQNQIAVDEIRERLFEQVMRI
{275}
Sequence : LDLPALN
{275}
Sequence : RFCGLPQPETVGQ
{275}
Sequence : GVSEPLK
{275}
Sequence : GRVGPLLAC
{275}
Sequence : FWWENE
{275}
Sequence : AQISLPRIICDN
{275}
Sequence : TVSKNNI
{275}
Sequence : DFVNCSTL
{275}
Sequence : LNLASWREA
{275}
Sequence : vanDerWaals
{384, 130, 386, 514, 387, 388, 389, 517, 390, 518, 391, 392, 393, 395, 396, 397, 398, 15, 399, 144, 401, 275, 535, 153, 154, 286, 287, 288, 34, 547, 165, 38, 167, 552, 426, 427, 301, 302, 558, 303, 304, 307, 52, 325, 326, 328, 330, 331, 587, 332, 333, 461, 335, 338, 472, 345, 474, 97, 353, 226, 227, 100, 228, 356, 229, 490, 491, 493, 367, 368, 369, 370, 371, 499, 244, 372, 373, 246, 503, 504, 121, 249, 377, 378, 379, 380, 381, 382, 383}
Sequence : vanDerWaals
{384, 130, 386, 514, 387, 388, 389, 517, 390, 518, 391, 392, 393, 395, 396, 397, 398, 15, 399, 144, 401, 275, 535, 153, 154, 286, 287, 288, 34, 547, 165, 38, 167, 552, 426, 427, 301, 302, 558, 303, 304, 307, 52, 325, 326, 328, 330, 331, 587, 332, 333, 461, 335, 338, 472, 345, 474, 97, 353, 226, 227, 100, 228, 356, 229, 490, 491, 493, 367, 368, 369, 370, 371, 499, 244, 372, 373, 246, 503, 504, 121, 249, 377, 378, 379, 380, 381, 382, 383}
Sequence : vanDerWaals
{384, 130, 386, 514, 387, 388, 389, 517, 390, 518, 391, 392, 393, 395, 396, 397, 398, 15, 399, 144, 401, 275, 535, 153, 154, 286, 287, 288, 34, 547, 165, 38, 167, 552, 426, 427, 301, 302, 558, 303, 304, 307, 52, 325, 326, 328, 330, 331, 587, 332, 333, 461, 335, 338, 472, 345, 474, 97, 353, 226, 227, 100, 228, 356, 229, 490, 491, 493, 367, 368, 369, 370, 371, 499, 244, 372, 373, 246, 503, 504, 121, 249, 377, 378, 379, 380, 381, 382, 383}
Sequence : vanDerWaals
{384, 130, 386, 514, 387, 388, 389, 517, 390, 518, 391, 392, 393, 395, 396, 397, 398, 15, 399, 144, 401, 275, 535, 153, 154, 286, 287, 288, 34, 547, 165, 38, 167, 552, 426, 427, 301, 302, 558, 303, 304, 307, 52, 325, 326, 328, 330, 331, 587, 332, 333, 461, 335, 338, 472, 345, 474, 97, 353, 226, 227, 100, 228, 356, 229, 490, 491, 493, 367, 368, 369, 370, 371, 499, 244, 372, 373, 246, 503, 504, 121, 249, 377, 378, 379, 380, 381, 382, 383}
Sequence : ALARAVSNE
{275}
Sequence : RSLMFMQWGQLLDH
{275}
Sequence : YRDYLPL
{275}
Sequence : FRYGH
{275}
Sequence : NPRVPLSRVFFASWRVVLEGGIDP
{275}
Sequence : MATPAKLNRQNQIAVDEIRERLFEQVMRI
{275}
Sequence : LDLPALN
{275}
Sequence : RFCGLPQPETVGQ
{275}
Sequence : GVSEPLK
{275}
Sequence : GRVGPLLAC
{275}
Sequence : FWWENE
{275}
Sequence : AQISLPRIICDN
{275}
Sequence : TVSKNNI
{275}
Sequence : DFVNCSTL
{275}
Sequence : LNLASWREA
{275}
Sequence : vanDerWaals
{384, 130, 386, 514, 387, 388, 389, 517, 390, 518, 391, 392, 393, 395, 396, 397, 398, 15, 399, 144, 401, 275, 535, 153, 154, 286, 287, 288, 34, 547, 165, 38, 167, 552, 426, 427, 301, 302, 558, 303, 304, 307, 52, 325, 326, 328, 330, 331, 587, 332, 333, 461, 335, 338, 472, 345, 474, 97, 353, 226, 227, 100, 228, 356, 229, 490, 491, 493, 367, 368, 369, 370, 371, 499, 244, 372, 373, 246, 503, 504, 121, 249, 377, 378, 379, 380, 381, 382, 383}
Sequence : vanDerWaals
{384, 130, 386, 514, 387, 388, 389, 517, 390, 518, 391, 392, 393, 395, 396, 397, 398, 15, 399, 144, 401, 275, 535, 153, 154, 286, 287, 288, 34, 547, 165, 38, 167, 552, 426, 427, 301, 302, 558, 303, 304, 307, 52, 325, 326, 328, 330, 331, 587, 332, 333, 461, 335, 338, 472, 345, 474, 97, 353, 226, 227, 100, 228, 356, 229, 490, 491, 493, 367, 368, 369, 370, 371, 499, 244, 372, 373, 246, 503, 504, 121, 249, 377, 378, 379, 380, 381, 382, 383}
Sequence : vanDerWaals
{384, 130, 386, 514, 387, 388, 389, 517, 390, 518, 391, 392, 393, 395, 396, 397, 398, 15, 399, 144, 401, 275, 535, 153, 154, 286, 287, 288, 34, 547, 165, 38, 167, 552, 426, 427, 301, 302, 558, 303, 304, 307, 52, 325, 326, 328, 330, 331, 587, 332, 333, 461, 335, 338, 472, 345, 474, 97, 353, 226, 227, 100, 228, 356, 229, 490, 491, 493, 367, 368, 369, 370, 371, 499, 244, 372, 373, 246, 503, 504, 121, 249, 377, 378, 379, 380, 381, 382, 383}
Sequence : vanDerWaals
{384, 130, 386, 514, 387, 388, 389, 517, 390, 518, 391, 392, 393, 395, 396, 397, 398, 15, 399, 144, 401, 275, 535, 153, 154, 286, 287, 288, 34, 547, 165, 38, 167, 552, 426, 427, 301, 302, 558, 303, 304, 307, 52, 325, 326, 328, 330, 331, 587, 332, 333, 461, 335, 338, 472, 345, 474, 97, 353, 226, 227, 100, 228, 356, 229, 490, 491, 493, 367, 368, 369, 370, 371, 499, 244, 372, 373, 246, 503, 504, 121, 249, 377, 378, 379, 380, 381, 382, 383}
