Sequence : LDQGEI
{301, 302}
Sequence : MPYAV
{304, 301, 302, 303}
Sequence : PHIGGEAGSSHAP
{304, 301, 302, 303}
Sequence : LIFDRHPIAALLCYPAARYLMGSMTPQAV
{304, 301, 302, 303}
Sequence : EDRHI
{304, 301, 302, 303}
Sequence : RLAKRQRP
{304, 301, 302, 303}
Sequence : LAMLAAIRR
{304, 302}
Sequence : WREDWGQLSG
{304, 301, 302}
Sequence : PQSNAGARPHIGDTLFTLFRAPE
{302}
Sequence : PNGDLYNV
{301, 302}
Sequence : YDQ
{304, 301, 302, 303}
Sequence : PAGCR
{304, 301, 302, 303}
Sequence : HVTTPGSIPTICDLAR
{304, 301, 302}
Sequence : vanDerWaals
{384, 130, 386, 514, 387, 388, 389, 517, 390, 518, 391, 392, 393, 395, 396, 397, 398, 15, 399, 144, 401, 275, 535, 153, 154, 286, 287, 288, 34, 547, 165, 38, 167, 552, 426, 427, 301, 302, 558, 303, 304, 307, 52, 325, 326, 328, 330, 331, 587, 332, 333, 461, 335, 338, 472, 345, 474, 97, 353, 226, 227, 100, 228, 356, 229, 490, 491, 493, 367, 368, 369, 370, 371, 499, 244, 372, 373, 246, 503, 504, 121, 249, 377, 378, 379, 380, 381, 382, 383}
Sequence : vanDerWaals
{384, 130, 386, 514, 387, 388, 389, 517, 390, 518, 391, 392, 393, 395, 396, 397, 398, 15, 399, 144, 401, 275, 535, 153, 154, 286, 287, 288, 34, 547, 165, 38, 167, 552, 426, 427, 301, 302, 558, 303, 304, 307, 52, 325, 326, 328, 330, 331, 587, 332, 333, 461, 335, 338, 472, 345, 474, 97, 353, 226, 227, 100, 228, 356, 229, 490, 491, 493, 367, 368, 369, 370, 371, 499, 244, 372, 373, 246, 503, 504, 121, 249, 377, 378, 379, 380, 381, 382, 383}
Sequence : LDQGEISAG
{302}
Sequence : MPYAV
{304, 301, 302, 303}
Sequence : PHIGGEAGSSHAP
{304, 301, 302, 303}
Sequence : LIFDRHPIAALLCYPAARYLMGSMTPQAV
{304, 301, 302, 303}
Sequence : EDRHI
{304, 301, 302, 303}
Sequence : RLAKRQRP
{304, 301, 302, 303}
Sequence : LAMLAAIRRV
{304, 301, 302, 303}
Sequence : WREDWGQLSG
{304, 301, 302}
Sequence : PQSNAGPRPHIGDTLFTLFRAPE
{304, 302, 303}
Sequence : PNGDLYN
{304, 301, 302, 303}
Sequence : YDQ
{304, 301, 302, 303}
Sequence : PAGCR
{304, 301, 302, 303}
Sequence : HVTTPGSIPTICDLAR
{304, 301, 302}
Sequence : vanDerWaals
{384, 130, 386, 514, 387, 388, 389, 517, 390, 518, 391, 392, 393, 395, 396, 397, 398, 15, 399, 144, 401, 275, 535, 153, 154, 286, 287, 288, 34, 547, 165, 38, 167, 552, 426, 427, 301, 302, 558, 303, 304, 307, 52, 325, 326, 328, 330, 331, 587, 332, 333, 461, 335, 338, 472, 345, 474, 97, 353, 226, 227, 100, 228, 356, 229, 490, 491, 493, 367, 368, 369, 370, 371, 499, 244, 372, 373, 246, 503, 504, 121, 249, 377, 378, 379, 380, 381, 382, 383}
Sequence : vanDerWaals
{384, 130, 386, 514, 387, 388, 389, 517, 390, 518, 391, 392, 393, 395, 396, 397, 398, 15, 399, 144, 401, 275, 535, 153, 154, 286, 287, 288, 34, 547, 165, 38, 167, 552, 426, 427, 301, 302, 558, 303, 304, 307, 52, 325, 326, 328, 330, 331, 587, 332, 333, 461, 335, 338, 472, 345, 474, 97, 353, 226, 227, 100, 228, 356, 229, 490, 491, 493, 367, 368, 369, 370, 371, 499, 244, 372, 373, 246, 503, 504, 121, 249, 377, 378, 379, 380, 381, 382, 383}
Sequence : FAREMG
{304, 301, 302, 303}
Sequence : RYLQCG
{304, 301, 302, 303}
Sequence : SETIAN
{304, 301, 302}
Sequence : NIVLGA
{304, 301, 302, 303}
Sequence : SAQI
{304, 301, 302, 303}
Sequence : vanDerWaals
{384, 130, 386, 514, 387, 388, 389, 517, 390, 518, 391, 392, 393, 395, 396, 397, 398, 15, 399, 144, 401, 275, 535, 153, 154, 286, 287, 288, 34, 547, 165, 38, 167, 552, 426, 427, 301, 302, 558, 303, 304, 307, 52, 325, 326, 328, 330, 331, 587, 332, 333, 461, 335, 338, 472, 345, 474, 97, 353, 226, 227, 100, 228, 356, 229, 490, 491, 493, 367, 368, 369, 370, 371, 499, 244, 372, 373, 246, 503, 504, 121, 249, 377, 378, 379, 380, 381, 382, 383}
Sequence : ASETIAN
{301, 302}
Sequence : NIVLGA
{304, 301, 302, 303}
Sequence : SAQI
{304, 301, 302, 303}
Sequence : IAN
{64, 302, 63}
Sequence : RYLQCG
{304, 301, 302, 303}
Sequence : FAREMG
{304, 301, 302, 303}
