Sequence : GLPYL
{377}
Sequence : GNSIG
{377}
Sequence : vanDerWaals
{384, 130, 386, 514, 387, 388, 389, 517, 390, 518, 391, 392, 393, 395, 396, 397, 398, 15, 399, 144, 401, 275, 535, 153, 154, 286, 287, 288, 34, 547, 165, 38, 167, 552, 426, 427, 301, 302, 558, 303, 304, 307, 52, 325, 326, 328, 330, 331, 587, 332, 333, 461, 335, 338, 472, 345, 474, 97, 353, 226, 227, 100, 228, 356, 229, 490, 491, 493, 367, 368, 369, 370, 371, 499, 244, 372, 373, 246, 503, 504, 121, 249, 377, 378, 379, 380, 381, 382, 383}
Sequence : vanDerWaals
{384, 130, 386, 514, 387, 388, 389, 517, 390, 518, 391, 392, 393, 395, 396, 397, 398, 15, 399, 144, 401, 275, 535, 153, 154, 286, 287, 288, 34, 547, 165, 38, 167, 552, 426, 427, 301, 302, 558, 303, 304, 307, 52, 325, 326, 328, 330, 331, 587, 332, 333, 461, 335, 338, 472, 345, 474, 97, 353, 226, 227, 100, 228, 356, 229, 490, 491, 493, 367, 368, 369, 370, 371, 499, 244, 372, 373, 246, 503, 504, 121, 249, 377, 378, 379, 380, 381, 382, 383}
Sequence : FLER
{377}
Sequence : HYGQK
{377}
Sequence : FLPL
{377}
Sequence : GSKYG
{377}
Sequence : LYIR
{377}
Sequence : LKAAG
{377}
Sequence : vanDerWaals
{384, 130, 386, 514, 387, 388, 389, 517, 390, 518, 391, 392, 393, 395, 396, 397, 398, 15, 399, 144, 401, 275, 535, 153, 154, 286, 287, 288, 34, 547, 165, 38, 167, 552, 426, 427, 301, 302, 558, 303, 304, 307, 52, 325, 326, 328, 330, 331, 587, 332, 333, 461, 335, 338, 472, 345, 474, 97, 353, 226, 227, 100, 228, 356, 229, 490, 491, 493, 367, 368, 369, 370, 371, 499, 244, 372, 373, 246, 503, 504, 121, 249, 377, 378, 379, 380, 381, 382, 383}
Sequence : vanDerWaals
{384, 130, 386, 514, 387, 388, 389, 517, 390, 518, 391, 392, 393, 395, 396, 397, 398, 15, 399, 144, 401, 275, 535, 153, 154, 286, 287, 288, 34, 547, 165, 38, 167, 552, 426, 427, 301, 302, 558, 303, 304, 307, 52, 325, 326, 328, 330, 331, 587, 332, 333, 461, 335, 338, 472, 345, 474, 97, 353, 226, 227, 100, 228, 356, 229, 490, 491, 493, 367, 368, 369, 370, 371, 499, 244, 372, 373, 246, 503, 504, 121, 249, 377, 378, 379, 380, 381, 382, 383}
Sequence : FEDAGE
{377}
Sequence : CL
{377}
Sequence : DKEI
{377}
Sequence : PA
{401, 377}
Sequence : SA
{69, 70, 377}
Sequence : vanDerWaals
{384, 130, 386, 514, 387, 388, 389, 517, 390, 518, 391, 392, 393, 395, 396, 397, 398, 15, 399, 144, 401, 275, 535, 153, 154, 286, 287, 288, 34, 547, 165, 38, 167, 552, 426, 427, 301, 302, 558, 303, 304, 307, 52, 325, 326, 328, 330, 331, 587, 332, 333, 461, 335, 338, 472, 345, 474, 97, 353, 226, 227, 100, 228, 356, 229, 490, 491, 493, 367, 368, 369, 370, 371, 499, 244, 372, 373, 246, 503, 504, 121, 249, 377, 378, 379, 380, 381, 382, 383}
Sequence : vanDerWaals
{384, 130, 386, 514, 387, 388, 389, 517, 390, 518, 391, 392, 393, 395, 396, 397, 398, 15, 399, 144, 401, 275, 535, 153, 154, 286, 287, 288, 34, 547, 165, 38, 167, 552, 426, 427, 301, 302, 558, 303, 304, 307, 52, 325, 326, 328, 330, 331, 587, 332, 333, 461, 335, 338, 472, 345, 474, 97, 353, 226, 227, 100, 228, 356, 229, 490, 491, 493, 367, 368, 369, 370, 371, 499, 244, 372, 373, 246, 503, 504, 121, 249, 377, 378, 379, 380, 381, 382, 383}
Sequence : vanDerWaals
{384, 130, 386, 514, 387, 388, 389, 517, 390, 518, 391, 392, 393, 395, 396, 397, 398, 15, 399, 144, 401, 275, 535, 153, 154, 286, 287, 288, 34, 547, 165, 38, 167, 552, 426, 427, 301, 302, 558, 303, 304, 307, 52, 325, 326, 328, 330, 331, 587, 332, 333, 461, 335, 338, 472, 345, 474, 97, 353, 226, 227, 100, 228, 356, 229, 490, 491, 493, 367, 368, 369, 370, 371, 499, 244, 372, 373, 246, 503, 504, 121, 249, 377, 378, 379, 380, 381, 382, 383}
Sequence : vanDerWaals
{384, 130, 386, 514, 387, 388, 389, 517, 390, 518, 391, 392, 393, 395, 396, 397, 398, 15, 399, 144, 401, 275, 535, 153, 154, 286, 287, 288, 34, 547, 165, 38, 167, 552, 426, 427, 301, 302, 558, 303, 304, 307, 52, 325, 326, 328, 330, 331, 587, 332, 333, 461, 335, 338, 472, 345, 474, 97, 353, 226, 227, 100, 228, 356, 229, 490, 491, 493, 367, 368, 369, 370, 371, 499, 244, 372, 373, 246, 503, 504, 121, 249, 377, 378, 379, 380, 381, 382, 383}
Sequence : vanDerWaals
{384, 130, 386, 514, 387, 388, 389, 517, 390, 518, 391, 392, 393, 395, 396, 397, 398, 15, 399, 144, 401, 275, 535, 153, 154, 286, 287, 288, 34, 547, 165, 38, 167, 552, 426, 427, 301, 302, 558, 303, 304, 307, 52, 325, 326, 328, 330, 331, 587, 332, 333, 461, 335, 338, 472, 345, 474, 97, 353, 226, 227, 100, 228, 356, 229, 490, 491, 493, 367, 368, 369, 370, 371, 499, 244, 372, 373, 246, 503, 504, 121, 249, 377, 378, 379, 380, 381, 382, 383}
Sequence : vanDerWaals
{384, 130, 386, 514, 387, 388, 389, 517, 390, 518, 391, 392, 393, 395, 396, 397, 398, 15, 399, 144, 401, 275, 535, 153, 154, 286, 287, 288, 34, 547, 165, 38, 167, 552, 426, 427, 301, 302, 558, 303, 304, 307, 52, 325, 326, 328, 330, 331, 587, 332, 333, 461, 335, 338, 472, 345, 474, 97, 353, 226, 227, 100, 228, 356, 229, 490, 491, 493, 367, 368, 369, 370, 371, 499, 244, 372, 373, 246, 503, 504, 121, 249, 377, 378, 379, 380, 381, 382, 383}
Sequence : vanDerWaals
{384, 130, 386, 514, 387, 388, 389, 517, 390, 518, 391, 392, 393, 395, 396, 397, 398, 15, 399, 144, 401, 275, 535, 153, 154, 286, 287, 288, 34, 547, 165, 38, 167, 552, 426, 427, 301, 302, 558, 303, 304, 307, 52, 325, 326, 328, 330, 331, 587, 332, 333, 461, 335, 338, 472, 345, 474, 97, 353, 226, 227, 100, 228, 356, 229, 490, 491, 493, 367, 368, 369, 370, 371, 499, 244, 372, 373, 246, 503, 504, 121, 249, 377, 378, 379, 380, 381, 382, 383}
Sequence : vanDerWaals
{384, 130, 386, 514, 387, 388, 389, 517, 390, 518, 391, 392, 393, 395, 396, 397, 398, 15, 399, 144, 401, 275, 535, 153, 154, 286, 287, 288, 34, 547, 165, 38, 167, 552, 426, 427, 301, 302, 558, 303, 304, 307, 52, 325, 326, 328, 330, 331, 587, 332, 333, 461, 335, 338, 472, 345, 474, 97, 353, 226, 227, 100, 228, 356, 229, 490, 491, 493, 367, 368, 369, 370, 371, 499, 244, 372, 373, 246, 503, 504, 121, 249, 377, 378, 379, 380, 381, 382, 383}
Sequence : vanDerWaals
{384, 130, 386, 514, 387, 388, 389, 517, 390, 518, 391, 392, 393, 395, 396, 397, 398, 15, 399, 144, 401, 275, 535, 153, 154, 286, 287, 288, 34, 547, 165, 38, 167, 552, 426, 427, 301, 302, 558, 303, 304, 307, 52, 325, 326, 328, 330, 331, 587, 332, 333, 461, 335, 338, 472, 345, 474, 97, 353, 226, 227, 100, 228, 356, 229, 490, 491, 493, 367, 368, 369, 370, 371, 499, 244, 372, 373, 246, 503, 504, 121, 249, 377, 378, 379, 380, 381, 382, 383}
Sequence : DRSD
{377}
Sequence : LPDGT
{377}
Sequence : NGGH
{377}
Sequence : VSSD
{377}
Sequence : ESVGEVY
{377}
Sequence : STETGQ
{377}
Sequence : EENHY
{377}
Sequence : KKHAE
{377}
Sequence : TDGL
{377}
Sequence : TPNE
{377}
