Sequence : WNDIADECER
{499, 493}
Sequence : WWERY
{499, 493}
Sequence : ESAFTDMTRRCND
{499, 493}
Sequence : SGD
{499, 493}
Sequence : ADNVRN
{499, 493}
Sequence : DYVRGVLIDYMNHMID
{499, 493}
Sequence : AKH
{499, 493}
Sequence : PGDLSVIFSG
{499, 493}
Sequence : TDY
{499, 7, 493}
Sequence : KNE
{499, 493}
Sequence : FQFGVSLGNAFQ
{499, 493}
Sequence : LKNLAN
{499, 493}
Sequence : PEW
{499, 493}
Sequence : GLD
{499, 493}
Sequence : NQRT
{499}
Sequence : YKNPKPYKMAIAFMLA
{499, 493}
Sequence : EHR
{499, 489, 491, 493}
Sequence : RQVYGMVGFRNA
{499, 493}
Sequence : vanDerWaals
{384, 130, 386, 514, 387, 388, 389, 517, 390, 518, 391, 392, 393, 395, 396, 397, 398, 15, 399, 144, 401, 275, 535, 153, 154, 286, 287, 288, 34, 547, 165, 38, 167, 552, 426, 427, 301, 302, 558, 303, 304, 307, 52, 325, 326, 328, 330, 331, 587, 332, 333, 461, 335, 338, 472, 345, 474, 97, 353, 226, 227, 100, 228, 356, 229, 490, 491, 493, 367, 368, 369, 370, 371, 499, 244, 372, 373, 246, 503, 504, 121, 249, 377, 378, 379, 380, 381, 382, 383}
Sequence : vanDerWaals
{384, 130, 386, 514, 387, 388, 389, 517, 390, 518, 391, 392, 393, 395, 396, 397, 398, 15, 399, 144, 401, 275, 535, 153, 154, 286, 287, 288, 34, 547, 165, 38, 167, 552, 426, 427, 301, 302, 558, 303, 304, 307, 52, 325, 326, 328, 330, 331, 587, 332, 333, 461, 335, 338, 472, 345, 474, 97, 353, 226, 227, 100, 228, 356, 229, 490, 491, 493, 367, 368, 369, 370, 371, 499, 244, 372, 373, 246, 503, 504, 121, 249, 377, 378, 379, 380, 381, 382, 383}
Sequence : vanDerWaals
{384, 130, 386, 514, 387, 388, 389, 517, 390, 518, 391, 392, 393, 395, 396, 397, 398, 15, 399, 144, 401, 275, 535, 153, 154, 286, 287, 288, 34, 547, 165, 38, 167, 552, 426, 427, 301, 302, 558, 303, 304, 307, 52, 325, 326, 328, 330, 331, 587, 332, 333, 461, 335, 338, 472, 345, 474, 97, 353, 226, 227, 100, 228, 356, 229, 490, 491, 493, 367, 368, 369, 370, 371, 499, 244, 372, 373, 246, 503, 504, 121, 249, 377, 378, 379, 380, 381, 382, 383}
Sequence : vanDerWaals
{384, 130, 386, 514, 387, 388, 389, 517, 390, 518, 391, 392, 393, 395, 396, 397, 398, 15, 399, 144, 401, 275, 535, 153, 154, 286, 287, 288, 34, 547, 165, 38, 167, 552, 426, 427, 301, 302, 558, 303, 304, 307, 52, 325, 326, 328, 330, 331, 587, 332, 333, 461, 335, 338, 472, 345, 474, 97, 353, 226, 227, 100, 228, 356, 229, 490, 491, 493, 367, 368, 369, 370, 371, 499, 244, 372, 373, 246, 503, 504, 121, 249, 377, 378, 379, 380, 381, 382, 383}
Sequence : vanDerWaals
{384, 130, 386, 514, 387, 388, 389, 517, 390, 518, 391, 392, 393, 395, 396, 397, 398, 15, 399, 144, 401, 275, 535, 153, 154, 286, 287, 288, 34, 547, 165, 38, 167, 552, 426, 427, 301, 302, 558, 303, 304, 307, 52, 325, 326, 328, 330, 331, 587, 332, 333, 461, 335, 338, 472, 345, 474, 97, 353, 226, 227, 100, 228, 356, 229, 490, 491, 493, 367, 368, 369, 370, 371, 499, 244, 372, 373, 246, 503, 504, 121, 249, 377, 378, 379, 380, 381, 382, 383}
Sequence : RIMS
{499, 493}
Sequence : IVHL
{499, 493}
Sequence : GVQ
{499, 491, 493}
Sequence : RIYVDA
{496, 499, 491, 492, 493}
Sequence : GFRV
{499, 493}
Sequence : FIYQ
{496, 499, 492}
Sequence : GIN
{499}
Sequence : TCS
{499}
Sequence : QIAFS
{499}
Sequence : GFVAFT
{499, 493}
Sequence : VLAIH
{499, 493}
Sequence : LNQNLN
{499, 493}
Sequence : SADISL
{499, 493}
Sequence : GTYC
{496, 499, 491, 492, 493}
Sequence : SVTV
{499, 493}
