Sequence : SELDAKLNK
{503, 504}
Sequence : RAETK
{503}
Sequence : AIAISFA
{503}
Sequence : TPNEDELLEYLE
{503}
Sequence : NLTMPEWLEKMGYKSLSANNALKY
{503, 504}
Sequence : vanDerWaals
{384, 130, 386, 514, 387, 388, 389, 517, 390, 518, 391, 392, 393, 395, 396, 397, 398, 15, 399, 144, 401, 275, 535, 153, 154, 286, 287, 288, 34, 547, 165, 38, 167, 552, 426, 427, 301, 302, 558, 303, 304, 307, 52, 325, 326, 328, 330, 331, 587, 332, 333, 461, 335, 338, 472, 345, 474, 97, 353, 226, 227, 100, 228, 356, 229, 490, 491, 493, 367, 368, 369, 370, 371, 499, 244, 372, 373, 246, 503, 504, 121, 249, 377, 378, 379, 380, 381, 382, 383}
Sequence : vanDerWaals
{384, 130, 386, 514, 387, 388, 389, 517, 390, 518, 391, 392, 393, 395, 396, 397, 398, 15, 399, 144, 401, 275, 535, 153, 154, 286, 287, 288, 34, 547, 165, 38, 167, 552, 426, 427, 301, 302, 558, 303, 304, 307, 52, 325, 326, 328, 330, 331, 587, 332, 333, 461, 335, 338, 472, 345, 474, 97, 353, 226, 227, 100, 228, 356, 229, 490, 491, 493, 367, 368, 369, 370, 371, 499, 244, 372, 373, 246, 503, 504, 121, 249, 377, 378, 379, 380, 381, 382, 383}
Sequence : vanDerWaals
{384, 130, 386, 514, 387, 388, 389, 517, 390, 518, 391, 392, 393, 395, 396, 397, 398, 15, 399, 144, 401, 275, 535, 153, 154, 286, 287, 288, 34, 547, 165, 38, 167, 552, 426, 427, 301, 302, 558, 303, 304, 307, 52, 325, 326, 328, 330, 331, 587, 332, 333, 461, 335, 338, 472, 345, 474, 97, 353, 226, 227, 100, 228, 356, 229, 490, 491, 493, 367, 368, 369, 370, 371, 499, 244, 372, 373, 246, 503, 504, 121, 249, 377, 378, 379, 380, 381, 382, 383}
Sequence : SELDAKLNK
{503, 504}
Sequence : RAETK
{503}
Sequence : AIAISFA
{503}
Sequence : TPNEDELLEYLE
{503}
Sequence : NLTMPEWLEKMGYKSLSANNALKY
{503, 504}
Sequence : vanDerWaals
{384, 130, 386, 514, 387, 388, 389, 517, 390, 518, 391, 392, 393, 395, 396, 397, 398, 15, 399, 144, 401, 275, 535, 153, 154, 286, 287, 288, 34, 547, 165, 38, 167, 552, 426, 427, 301, 302, 558, 303, 304, 307, 52, 325, 326, 328, 330, 331, 587, 332, 333, 461, 335, 338, 472, 345, 474, 97, 353, 226, 227, 100, 228, 356, 229, 490, 491, 493, 367, 368, 369, 370, 371, 499, 244, 372, 373, 246, 503, 504, 121, 249, 377, 378, 379, 380, 381, 382, 383}
Sequence : vanDerWaals
{384, 130, 386, 514, 387, 388, 389, 517, 390, 518, 391, 392, 393, 395, 396, 397, 398, 15, 399, 144, 401, 275, 535, 153, 154, 286, 287, 288, 34, 547, 165, 38, 167, 552, 426, 427, 301, 302, 558, 303, 304, 307, 52, 325, 326, 328, 330, 331, 587, 332, 333, 461, 335, 338, 472, 345, 474, 97, 353, 226, 227, 100, 228, 356, 229, 490, 491, 493, 367, 368, 369, 370, 371, 499, 244, 372, 373, 246, 503, 504, 121, 249, 377, 378, 379, 380, 381, 382, 383}
Sequence : vanDerWaals
{384, 130, 386, 514, 387, 388, 389, 517, 390, 518, 391, 392, 393, 395, 396, 397, 398, 15, 399, 144, 401, 275, 535, 153, 154, 286, 287, 288, 34, 547, 165, 38, 167, 552, 426, 427, 301, 302, 558, 303, 304, 307, 52, 325, 326, 328, 330, 331, 587, 332, 333, 461, 335, 338, 472, 345, 474, 97, 353, 226, 227, 100, 228, 356, 229, 490, 491, 493, 367, 368, 369, 370, 371, 499, 244, 372, 373, 246, 503, 504, 121, 249, 377, 378, 379, 380, 381, 382, 383}
Sequence : AIS
{502, 503, 504, 526, 527}
Sequence : NIG
{503, 504, 411, 412, 413, 414}
Sequence : QINMTTA
{503, 504}
Sequence : CGQDAHASFESSWIG
{503, 504}
Sequence : vanDerWaals
{384, 130, 386, 514, 387, 388, 389, 517, 390, 518, 391, 392, 393, 395, 396, 397, 398, 15, 399, 144, 401, 275, 535, 153, 154, 286, 287, 288, 34, 547, 165, 38, 167, 552, 426, 427, 301, 302, 558, 303, 304, 307, 52, 325, 326, 328, 330, 331, 587, 332, 333, 461, 335, 338, 472, 345, 474, 97, 353, 226, 227, 100, 228, 356, 229, 490, 491, 493, 367, 368, 369, 370, 371, 499, 244, 372, 373, 246, 503, 504, 121, 249, 377, 378, 379, 380, 381, 382, 383}
Sequence : YVTGLKVDAGVR
{503}
Sequence : PGQ
{503, 504}
Sequence : KND
{503, 504}
Sequence : SILTPDKDME
{503, 504}
Sequence : NAITVAPYVSL
{503, 504}
Sequence : vanDerWaals
{384, 130, 386, 514, 387, 388, 389, 517, 390, 518, 391, 392, 393, 395, 396, 397, 398, 15, 399, 144, 401, 275, 535, 153, 154, 286, 287, 288, 34, 547, 165, 38, 167, 552, 426, 427, 301, 302, 558, 303, 304, 307, 52, 325, 326, 328, 330, 331, 587, 332, 333, 461, 335, 338, 472, 345, 474, 97, 353, 226, 227, 100, 228, 356, 229, 490, 491, 493, 367, 368, 369, 370, 371, 499, 244, 372, 373, 246, 503, 504, 121, 249, 377, 378, 379, 380, 381, 382, 383}
Sequence : VEDAGVWET
{503, 504}
Sequence : KDSS
{503, 504}
Sequence : EGR
{503, 504}
Sequence : AMA
{503, 504}
Sequence : AIS
{502, 503, 504, 526, 527}
Sequence : NIG
{503, 504, 411, 412, 413, 414}
Sequence : QINMTTA
{503, 504}
Sequence : CGQDAHASFESSWIG
{503, 504}
Sequence : vanDerWaals
{384, 130, 386, 514, 387, 388, 389, 517, 390, 518, 391, 392, 393, 395, 396, 397, 398, 15, 399, 144, 401, 275, 535, 153, 154, 286, 287, 288, 34, 547, 165, 38, 167, 552, 426, 427, 301, 302, 558, 303, 304, 307, 52, 325, 326, 328, 330, 331, 587, 332, 333, 461, 335, 338, 472, 345, 474, 97, 353, 226, 227, 100, 228, 356, 229, 490, 491, 493, 367, 368, 369, 370, 371, 499, 244, 372, 373, 246, 503, 504, 121, 249, 377, 378, 379, 380, 381, 382, 383}
Sequence : YVTGLKVDAGVR
{503}
Sequence : PGQ
{503, 504}
Sequence : KND
{503, 504}
Sequence : SILTPDKDME
{503, 504}
Sequence : NAITVAPYVSL
{503, 504}
Sequence : vanDerWaals
{384, 130, 386, 514, 387, 388, 389, 517, 390, 518, 391, 392, 393, 395, 396, 397, 398, 15, 399, 144, 401, 275, 535, 153, 154, 286, 287, 288, 34, 547, 165, 38, 167, 552, 426, 427, 301, 302, 558, 303, 304, 307, 52, 325, 326, 328, 330, 331, 587, 332, 333, 461, 335, 338, 472, 345, 474, 97, 353, 226, 227, 100, 228, 356, 229, 490, 491, 493, 367, 368, 369, 370, 371, 499, 244, 372, 373, 246, 503, 504, 121, 249, 377, 378, 379, 380, 381, 382, 383}
Sequence : VEDAGVWET
{503, 504}
Sequence : KDSS
{503, 504}
Sequence : EGR
{503, 504}
Sequence : AMA
{503, 504}
