Sequence : GLRSL
{518}
Sequence : SKAQLDEILGPAE
{518}
Sequence : QKWH
{518}
Sequence : VYSASAGSVQSN
{518}
Sequence : ESSAAHMTVRSGIR
{518}
Sequence : VGYNPKT
{518}
Sequence : ERVLACFEP
{518}
Sequence : AEFSV
{518}
Sequence : KSVLKGCWKEEEKE
{518}
Sequence : vanDerWaals
{384, 130, 386, 514, 387, 388, 389, 517, 390, 518, 391, 392, 393, 395, 396, 397, 398, 15, 399, 144, 401, 275, 535, 153, 154, 286, 287, 288, 34, 547, 165, 38, 167, 552, 426, 427, 301, 302, 558, 303, 304, 307, 52, 325, 326, 328, 330, 331, 587, 332, 333, 461, 335, 338, 472, 345, 474, 97, 353, 226, 227, 100, 228, 356, 229, 490, 491, 493, 367, 368, 369, 370, 371, 499, 244, 372, 373, 246, 503, 504, 121, 249, 377, 378, 379, 380, 381, 382, 383}
Sequence : vanDerWaals
{384, 130, 386, 514, 387, 388, 389, 517, 390, 518, 391, 392, 393, 395, 396, 397, 398, 15, 399, 144, 401, 275, 535, 153, 154, 286, 287, 288, 34, 547, 165, 38, 167, 552, 426, 427, 301, 302, 558, 303, 304, 307, 52, 325, 326, 328, 330, 331, 587, 332, 333, 461, 335, 338, 472, 345, 474, 97, 353, 226, 227, 100, 228, 356, 229, 490, 491, 493, 367, 368, 369, 370, 371, 499, 244, 372, 373, 246, 503, 504, 121, 249, 377, 378, 379, 380, 381, 382, 383}
Sequence : TIVDNLS
{518}
Sequence : DSYVLS
{518}
Sequence : LAAG
{518}
Sequence : AVIMGSP
{518}
Sequence : EKRLEISF
{518}
Sequence : YTLEMCMT
{518}
Sequence : MNSIEGA
{518}
Sequence : SEICDF
{518}
Sequence : DVATKL
{518}
Sequence : SVDVKGY
{518}
Sequence : AEWSPEEF
{518}
Sequence : VYQKFTR
{518}
Sequence : GFTYASFES
{518}
Sequence : GKE
{563, 518}
Sequence : vanDerWaals
{384, 130, 386, 514, 387, 388, 389, 517, 390, 518, 391, 392, 393, 395, 396, 397, 398, 15, 399, 144, 401, 275, 535, 153, 154, 286, 287, 288, 34, 547, 165, 38, 167, 552, 426, 427, 301, 302, 558, 303, 304, 307, 52, 325, 326, 328, 330, 331, 587, 332, 333, 461, 335, 338, 472, 345, 474, 97, 353, 226, 227, 100, 228, 356, 229, 490, 491, 493, 367, 368, 369, 370, 371, 499, 244, 372, 373, 246, 503, 504, 121, 249, 377, 378, 379, 380, 381, 382, 383}
Sequence : vanDerWaals
{384, 130, 386, 514, 387, 388, 389, 517, 390, 518, 391, 392, 393, 395, 396, 397, 398, 15, 399, 144, 401, 275, 535, 153, 154, 286, 287, 288, 34, 547, 165, 38, 167, 552, 426, 427, 301, 302, 558, 303, 304, 307, 52, 325, 326, 328, 330, 331, 587, 332, 333, 461, 335, 338, 472, 345, 474, 97, 353, 226, 227, 100, 228, 356, 229, 490, 491, 493, 367, 368, 369, 370, 371, 499, 244, 372, 373, 246, 503, 504, 121, 249, 377, 378, 379, 380, 381, 382, 383}
