Sequence : HWHKDF
{551, 552}
Sequence : PIAKG
{551, 552}
Sequence : YGD
{561, 562, 548, 549, 550, 551, 552}
Sequence : FGKAVQ
{561, 562, 548, 549, 550, 551, 552}
Sequence : PGLQKVVDV
{549, 550, 551, 552}
Sequence : LDSIKT
{561, 550, 551, 552}
Sequence : PRGLLP
{561, 562, 548, 549, 550, 551, 552}
Sequence : VLKFRK
{552}
Sequence : vanDerWaals
{384, 130, 386, 514, 387, 388, 389, 517, 390, 518, 391, 392, 393, 395, 396, 397, 398, 15, 399, 144, 401, 275, 535, 153, 154, 286, 287, 288, 34, 547, 165, 38, 167, 552, 426, 427, 301, 302, 558, 303, 304, 307, 52, 325, 326, 328, 330, 331, 587, 332, 333, 461, 335, 338, 472, 345, 474, 97, 353, 226, 227, 100, 228, 356, 229, 490, 491, 493, 367, 368, 369, 370, 371, 499, 244, 372, 373, 246, 503, 504, 121, 249, 377, 378, 379, 380, 381, 382, 383}
Sequence : vanDerWaals
{384, 130, 386, 514, 387, 388, 389, 517, 390, 518, 391, 392, 393, 395, 396, 397, 398, 15, 399, 144, 401, 275, 535, 153, 154, 286, 287, 288, 34, 547, 165, 38, 167, 552, 426, 427, 301, 302, 558, 303, 304, 307, 52, 325, 326, 328, 330, 331, 587, 332, 333, 461, 335, 338, 472, 345, 474, 97, 353, 226, 227, 100, 228, 356, 229, 490, 491, 493, 367, 368, 369, 370, 371, 499, 244, 372, 373, 246, 503, 504, 121, 249, 377, 378, 379, 380, 381, 382, 383}
Sequence : vanDerWaals
{384, 130, 386, 514, 387, 388, 389, 517, 390, 518, 391, 392, 393, 395, 396, 397, 398, 15, 399, 144, 401, 275, 535, 153, 154, 286, 287, 288, 34, 547, 165, 38, 167, 552, 426, 427, 301, 302, 558, 303, 304, 307, 52, 325, 326, 328, 330, 331, 587, 332, 333, 461, 335, 338, 472, 345, 474, 97, 353, 226, 227, 100, 228, 356, 229, 490, 491, 493, 367, 368, 369, 370, 371, 499, 244, 372, 373, 246, 503, 504, 121, 249, 377, 378, 379, 380, 381, 382, 383}
Sequence : DI
{192, 193, 561, 548, 549, 550, 551, 552, 543}
Sequence : TV
{417, 548, 69, 421, 549, 70, 550, 551, 552, 394, 236, 561, 315, 316, 543}
Sequence : KY
{561, 548, 549, 550, 551, 552, 543}
Sequence : AS
{289, 561, 562, 548, 549, 550, 551, 552, 510, 543}
Sequence : WTY
{552}
Sequence : VLK
{552}
Sequence : AVLGIFLKVGS
{552, 543}
Sequence : SVSS
{552, 543}
Sequence : AVLGIFLKVGS
{552, 543}
Sequence : AELHLVHWN
{561, 548, 549, 550, 551, 552, 543}
Sequence : YRLIQFHFHW
{561, 552, 543}
Sequence : VLKG
{544, 545, 561, 546, 548, 549, 550, 552, 553, 543}
Sequence : LSVS
{561, 548, 549, 550, 552, 543}
Sequence : VLKG
{544, 545, 561, 546, 548, 549, 550, 552, 553, 543}
Sequence : YRLIQFHFHW
{561, 552, 543}
Sequence : FNVEF
{561, 548, 549, 550, 551, 552, 543}
Sequence : SLRILN
{561, 548, 549, 550, 551, 552, 543}
Sequence : AD
{552, 495}
Sequence : vanDerWaals
{384, 130, 386, 514, 387, 388, 389, 517, 390, 518, 391, 392, 393, 395, 396, 397, 398, 15, 399, 144, 401, 275, 535, 153, 154, 286, 287, 288, 34, 547, 165, 38, 167, 552, 426, 427, 301, 302, 558, 303, 304, 307, 52, 325, 326, 328, 330, 331, 587, 332, 333, 461, 335, 338, 472, 345, 474, 97, 353, 226, 227, 100, 228, 356, 229, 490, 491, 493, 367, 368, 369, 370, 371, 499, 244, 372, 373, 246, 503, 504, 121, 249, 377, 378, 379, 380, 381, 382, 383}
Sequence : vanDerWaals
{384, 130, 386, 514, 387, 388, 389, 517, 390, 518, 391, 392, 393, 395, 396, 397, 398, 15, 399, 144, 401, 275, 535, 153, 154, 286, 287, 288, 34, 547, 165, 38, 167, 552, 426, 427, 301, 302, 558, 303, 304, 307, 52, 325, 326, 328, 330, 331, 587, 332, 333, 461, 335, 338, 472, 345, 474, 97, 353, 226, 227, 100, 228, 356, 229, 490, 491, 493, 367, 368, 369, 370, 371, 499, 244, 372, 373, 246, 503, 504, 121, 249, 377, 378, 379, 380, 381, 382, 383}
Sequence : vanDerWaals
{384, 130, 386, 514, 387, 388, 389, 517, 390, 518, 391, 392, 393, 395, 396, 397, 398, 15, 399, 144, 401, 275, 535, 153, 154, 286, 287, 288, 34, 547, 165, 38, 167, 552, 426, 427, 301, 302, 558, 303, 304, 307, 52, 325, 326, 328, 330, 331, 587, 332, 333, 461, 335, 338, 472, 345, 474, 97, 353, 226, 227, 100, 228, 356, 229, 490, 491, 493, 367, 368, 369, 370, 371, 499, 244, 372, 373, 246, 503, 504, 121, 249, 377, 378, 379, 380, 381, 382, 383}
Sequence : vanDerWaals
{384, 130, 386, 514, 387, 388, 389, 517, 390, 518, 391, 392, 393, 395, 396, 397, 398, 15, 399, 144, 401, 275, 535, 153, 154, 286, 287, 288, 34, 547, 165, 38, 167, 552, 426, 427, 301, 302, 558, 303, 304, 307, 52, 325, 326, 328, 330, 331, 587, 332, 333, 461, 335, 338, 472, 345, 474, 97, 353, 226, 227, 100, 228, 356, 229, 490, 491, 493, 367, 368, 369, 370, 371, 499, 244, 372, 373, 246, 503, 504, 121, 249, 377, 378, 379, 380, 381, 382, 383}
Sequence : vanDerWaals
{384, 130, 386, 514, 387, 388, 389, 517, 390, 518, 391, 392, 393, 395, 396, 397, 398, 15, 399, 144, 401, 275, 535, 153, 154, 286, 287, 288, 34, 547, 165, 38, 167, 552, 426, 427, 301, 302, 558, 303, 304, 307, 52, 325, 326, 328, 330, 331, 587, 332, 333, 461, 335, 338, 472, 345, 474, 97, 353, 226, 227, 100, 228, 356, 229, 490, 491, 493, 367, 368, 369, 370, 371, 499, 244, 372, 373, 246, 503, 504, 121, 249, 377, 378, 379, 380, 381, 382, 383}
Sequence : vanDerWaals
{384, 130, 386, 514, 387, 388, 389, 517, 390, 518, 391, 392, 393, 395, 396, 397, 398, 15, 399, 144, 401, 275, 535, 153, 154, 286, 287, 288, 34, 547, 165, 38, 167, 552, 426, 427, 301, 302, 558, 303, 304, 307, 52, 325, 326, 328, 330, 331, 587, 332, 333, 461, 335, 338, 472, 345, 474, 97, 353, 226, 227, 100, 228, 356, 229, 490, 491, 493, 367, 368, 369, 370, 371, 499, 244, 372, 373, 246, 503, 504, 121, 249, 377, 378, 379, 380, 381, 382, 383}
Sequence : vanDerWaals
{384, 130, 386, 514, 387, 388, 389, 517, 390, 518, 391, 392, 393, 395, 396, 397, 398, 15, 399, 144, 401, 275, 535, 153, 154, 286, 287, 288, 34, 547, 165, 38, 167, 552, 426, 427, 301, 302, 558, 303, 304, 307, 52, 325, 326, 328, 330, 331, 587, 332, 333, 461, 335, 338, 472, 345, 474, 97, 353, 226, 227, 100, 228, 356, 229, 490, 491, 493, 367, 368, 369, 370, 371, 499, 244, 372, 373, 246, 503, 504, 121, 249, 377, 378, 379, 380, 381, 382, 383}
Sequence : vanDerWaals
{384, 130, 386, 514, 387, 388, 389, 517, 390, 518, 391, 392, 393, 395, 396, 397, 398, 15, 399, 144, 401, 275, 535, 153, 154, 286, 287, 288, 34, 547, 165, 38, 167, 552, 426, 427, 301, 302, 558, 303, 304, 307, 52, 325, 326, 328, 330, 331, 587, 332, 333, 461, 335, 338, 472, 345, 474, 97, 353, 226, 227, 100, 228, 356, 229, 490, 491, 493, 367, 368, 369, 370, 371, 499, 244, 372, 373, 246, 503, 504, 121, 249, 377, 378, 379, 380, 381, 382, 383}
Sequence : vanDerWaals
{384, 130, 386, 514, 387, 388, 389, 517, 390, 518, 391, 392, 393, 395, 396, 397, 398, 15, 399, 144, 401, 275, 535, 153, 154, 286, 287, 288, 34, 547, 165, 38, 167, 552, 426, 427, 301, 302, 558, 303, 304, 307, 52, 325, 326, 328, 330, 331, 587, 332, 333, 461, 335, 338, 472, 345, 474, 97, 353, 226, 227, 100, 228, 356, 229, 490, 491, 493, 367, 368, 369, 370, 371, 499, 244, 372, 373, 246, 503, 504, 121, 249, 377, 378, 379, 380, 381, 382, 383}
Sequence : vanDerWaals
{384, 130, 386, 514, 387, 388, 389, 517, 390, 518, 391, 392, 393, 395, 396, 397, 398, 15, 399, 144, 401, 275, 535, 153, 154, 286, 287, 288, 34, 547, 165, 38, 167, 552, 426, 427, 301, 302, 558, 303, 304, 307, 52, 325, 326, 328, 330, 331, 587, 332, 333, 461, 335, 338, 472, 345, 474, 97, 353, 226, 227, 100, 228, 356, 229, 490, 491, 493, 367, 368, 369, 370, 371, 499, 244, 372, 373, 246, 503, 504, 121, 249, 377, 378, 379, 380, 381, 382, 383}
Sequence : vanDerWaals
{384, 130, 386, 514, 387, 388, 389, 517, 390, 518, 391, 392, 393, 395, 396, 397, 398, 15, 399, 144, 401, 275, 535, 153, 154, 286, 287, 288, 34, 547, 165, 38, 167, 552, 426, 427, 301, 302, 558, 303, 304, 307, 52, 325, 326, 328, 330, 331, 587, 332, 333, 461, 335, 338, 472, 345, 474, 97, 353, 226, 227, 100, 228, 356, 229, 490, 491, 493, 367, 368, 369, 370, 371, 499, 244, 372, 373, 246, 503, 504, 121, 249, 377, 378, 379, 380, 381, 382, 383}
Sequence : vanDerWaals
{384, 130, 386, 514, 387, 388, 389, 517, 390, 518, 391, 392, 393, 395, 396, 397, 398, 15, 399, 144, 401, 275, 535, 153, 154, 286, 287, 288, 34, 547, 165, 38, 167, 552, 426, 427, 301, 302, 558, 303, 304, 307, 52, 325, 326, 328, 330, 331, 587, 332, 333, 461, 335, 338, 472, 345, 474, 97, 353, 226, 227, 100, 228, 356, 229, 490, 491, 493, 367, 368, 369, 370, 371, 499, 244, 372, 373, 246, 503, 504, 121, 249, 377, 378, 379, 380, 381, 382, 383}
